79    //dp
79 0 0 0 0 0 0 0 0 0 0 76 74 10000000000 0 0 0 0 0 0 69 10000000000 0 0 0 0 0 0 0 0 10000000000 10000000000 0 0 0 10000000000 10000000000 0 0 0 0 10000000000 10000000000 0 0 0 0 0 0 0 0 0 10000000000 0 0 0 0 0 0 0 0 0 0 0 0 0 10000000000 10000000000 0 
0 0 0 0 73 77 0 0 0 0 0 0 72 0 0 0 0 0 0 70 67 65 10000000000 0 0 0 0 0 0 64 62 10000000000 0 0 59 10000000000 10000000000 0 0 0 10000000000 10000000000 10000000000 0 0 0 0 0 0 0 0 10000000000 10000000000 0 0 0 0 0 0 0 0 0 0 0 0 10000000000 10000000000 10000000000 0 
0 0 0 0 0 0 0 0 0 0 0 67 71 68 0 0 0 0 0 0 66 63 0 0 0 0 0 0 64 61 60 58 10000000000 58 57 55 10000000000 0 0 50 48 10000000000 10000000000 0 0 0 0 0 0 0 10000000000 10000000000 10000000000 0 0 0 0 0 0 0 0 0 0 0 10000000000 10000000000 10000000000 10000000000 0 
0 0 0 0 0 0 0 0 0 0 0 0 0 0 0 0 0 0 0 61 65 62 59 0 0 0 0 0 0 60 57 56 58 55 54 53 51 10000000000 52 51 46 44 10000000000 0 0 10000000000 0 0 0 36 10000000000 10000000000 10000000000 0 0 0 0 0 0 0 0 0 0 10000000000 10000000000 10000000000 10000000000 10000000000 0 
0 0 0 0 0 0 0 0 0 0 0 0 0 0 0 0 0 0 0 0 0 0 0 0 0 0 0 0 55 59 56 53 52 54 51 50 49 52 49 48 47 42 40 10000000000 37 10000000000 0 0 37 34 32 10000000000 10000000000 0 0 0 10000000000 0 0 0 0 0 22 20 10000000000 10000000000 10000000000 10000000000 0 
0 0 0 0 0 0 0 0 0 0 0 0 0 0 0 0 0 0 0 0 0 0 0 0 0 0 0 0 0 0 0 0 49 53 50 47 46 45 48 45 44 43 38 40 35 33 10000000000 41 38 33 30 28 10000000000 0 0 10000000000 10000000000 0 0 0 0 26 24 18 16 10000000000 10000000000 10000000000 0 
0 0 0 0 0 0 0 0 0 0 0 0 0 0 0 0 0 0 0 0 0 0 0 0 0 0 0 0 0 0 0 0 0 0 0 0 0 43 47 44 41 40 39 34 36 31 39 36 37 34 29 26 24 10000000000 22 20 10000000000 0 0 0 30 28 22 20 14 12 10000000000 10000000000 0 
0 0 0 0 0 0 0 0 0 0 0 0 0 0 0 0 0 0 0 0 0 0 0 0 0 0 0 0 0 0 0 0 0 0 0 0 0 0 0 37 45 40 37 34 35 32 27 35 32 33 30 25 22 26 20 18 16 10000000000 0 34 32 26 24 18 16 10 8 10000000000 0 
0 0 0 0 0 0 0 0 0 0 0 0 0 0 0 0 0 0 0 0 0 0 0 0 0 0 0 0 0 0 0 0 0 0 0 0 0 0 0 0 0 0 0 0 0 38 39 34 31 28 29 26 21 18 22 16 14 0 38 36 30 28 22 20 14 12 6 4 0 
0 0 0 0 0 0 0 0 0 0 0 0 0 0 0 0 0 0 0 0 0 0 0 0 0 0 0 0 0 0 0 0 0 0 0 0 0 0 0 0 0 0 0 0 0 0 0 0 44 42 36 34 28 26 20 18 12 10 0 34 32 26 24 18 16 10 8 2 0 
0 0 0 0 0 0 0 0 0 0 0 0 0 0 0 0 0 0 0 0 0 0 0 0 0 0 0 0 0 0 0 0 0 0 0 0 0 0 0 0 0 0 0 0 0 0 0 0 0 0 0 0 0 0 0 0 0 0 0 0 0 0 0 0 0 0 0 0 0 


97    //recursion
97 0 0 0 0 0 0 0 0 0 0 85 83 10000000000 0 0 0 0 0 0 79 10000000000 10000000000 0 0 0 0 0 0 0 10000000000 10000000000 10000000000 0 0 10000000000 10000000000 10000000000 0 0 0 10000000000 10000000000 10000000000 10000000000 10000000000 10000000000 0 0 0 0 10000000000 10000000000 10000000000 0 10000000000 10000000000 10000000000 0 0 0 0 0 0 0 0 10000000000 2 0 
0 0 0 0 91 89 0 0 0 0 0 0 81 79 0 0 0 0 0 83 10000000000 75 10000000000 0 0 0 0 0 0 10000000000 10000000000 10000000000 10000000000 0 10000000000 10000000000 10000000000 10000000000 0 0 10000000000 10000000000 10000000000 10000000000 10000000000 10000000000 10000000000 0 0 0 10000000000 10000000000 10000000000 10000000000 10000000000 10000000000 10000000000 10000000000 0 0 0 0 0 0 0 10000000000 6 10000000000 0 
0 0 0 0 0 0 0 0 0 0 0 87 85 77 0 0 0 0 0 0 10000000000 73 71 0 0 0 0 0 10000000000 10000000000 65 63 10000000000 10000000000 10000000000 59 10000000000 10000000000 0 10000000000 10000000000 10000000000 10000000000 10000000000 10000000000 10000000000 10000000000 0 0 10000000000 10000000000 10000000000 10000000000 10000000000 10000000000 10000000000 10000000000 10000000000 0 0 0 0 0 0 10000000000 10 10000000000 10000000000 0 
0 0 0 0 0 0 0 0 0 0 0 0 0 0 0 0 0 0 0 81 79 71 69 0 0 0 0 0 0 10000000000 10000000000 61 59 10000000000 63 57 55 10000000000 10000000000 10000000000 10000000000 47 10000000000 10000000000 10000000000 10000000000 10000000000 0 10000000000 10000000000 10000000000 10000000000 10000000000 10000000000 10000000000 10000000000 10000000000 10000000000 0 0 0 0 0 10000000000 14 10000000000 10000000000 10000000000 0 
0 0 0 0 0 0 0 0 0 0 0 0 0 0 0 0 0 0 0 0 0 0 0 0 0 0 0 0 75 73 67 63 57 10000000000 10000000000 10000000000 53 51 10000000000 10000000000 51 45 43 10000000000 40 10000000000 10000000000 10000000000 10000000000 10000000000 10000000000 10000000000 10000000000 10000000000 10000000000 10000000000 10000000000 10000000000 0 0 0 0 10000000000 18 10000000000 10000000000 10000000000 10000000000 0 
0 0 0 0 0 0 0 0 0 0 0 0 0 0 0 0 0 0 0 0 0 0 0 0 0 0 0 0 0 0 0 0 69 67 61 57 51 49 10000000000 10000000000 10000000000 10000000000 41 44 38 36 10000000000 10000000000 10000000000 10000000000 10000000000 28 10000000000 10000000000 10000000000 10000000000 10000000000 10000000000 0 0 0 10000000000 22 10000000000 10000000000 10000000000 10000000000 10000000000 0 
0 0 0 0 0 0 0 0 0 0 0 0 0 0 0 0 0 0 0 0 0 0 0 0 0 0 0 0 0 0 0 0 0 0 0 0 0 63 62 55 51 47 43 37 10000000000 34 32 10000000000 10000000000 10000000000 32 26 24 10000000000 10000000000 20 10000000000 10000000000 0 0 10000000000 26 10000000000 10000000000 10000000000 10000000000 10000000000 10000000000 0 
0 0 0 0 0 0 0 0 0 0 0 0 0 0 0 0 0 0 0 0 0 0 0 0 0 0 0 0 0 0 0 0 0 0 0 0 0 0 0 58 56 50 46 42 38 32 30 10000000000 10000000000 10000000000 10000000000 10000000000 22 20 24 18 16 10000000000 0 10000000000 30 10000000000 10000000000 10000000000 10000000000 10000000000 8 10000000000 0 
0 0 0 0 0 0 0 0 0 0 0 0 0 0 0 0 0 0 0 0 0 0 0 0 0 0 0 0 0 0 0 0 0 0 0 0 0 0 0 0 0 0 0 0 0 52 61 44 40 36 32 28 24 18 10000000000 10000000000 14 12 40 34 32 28 24 20 16 12 6 4 0 
0 0 0 0 0 0 0 0 0 0 0 0 0 0 0 0 0 0 0 0 0 0 0 0 0 0 0 0 0 0 0 0 0 0 0 0 0 0 0 0 0 0 0 0 0 0 0 0 46 44 38 34 30 26 22 18 12 10 0 36 10000000000 28 24 20 16 12 8 2 0 
0 0 0 0 0 0 0 0 0 0 0 0 0 0 0 0 0 0 0 0 0 0 0 0 0 0 0 0 0 0 0 0 0 0 0 0 0 0 0 0 0 0 0 0 0 0 0 0 0 0 0 0 0 0 0 0 0 0 0 0 0 0 0 0 0 0 0 0 0 
